 1034  9757  2033  5987 10939  7882    35  4404  4675  8068
 7605  6526  7793  1880  1395   328  6107  3507  1368  3708
11564 10053 10948  7196  1824  6835  2377 11180  3228  7733
11122  3011   578 10681  8184   698  6278  5706  2713  5597
 7821  1618  4410 10482  6483  9576  1320  2175  1591  1020
 9959 11671 11044  1364  6302  4804  9703  7593  8948  1844
 9010 11579  7777 10450  4397  4465  5111 10473   589 11045
 3812  4281 10768  8411 10558  1310  3803  4897  5790   508
 9677 10463  5190  1767  8533   679  7258 10975 11334  2604
 3398  1784  6648  8774  1289  8056 10221  3969  8503  1139
 8474  4763  6709  9210  5290  1326 10022  8515 11057   121
 1997  8715 10868  1347  7547  6484  1476  2683 10774  3261
  511  3428  7654  1930  4590 11668  5643  5336  5047  4207
10672  4350 10880  9675 10281  6088  9775  7181  4560  3335
 8910  3078  9752 10207  4022  7971  6216  6883  1807  8633
 5203  3933  5573  3969  5141  8486 11328  9345 10111 10480
 5957  2276  2347 11213  5782  2675  4882   757  2302  8020
 6761  6960  4788  1816  1756   373 11055 11722  9974  6761
 7962  3666  3088  5855  9788  6518  6221 11719  5771  3650
 8827  6145  8739  8189  4691  8262  3454  2015  8195  9838
 1833  1611 11171   114  6888 11314  7118  1395  5497   767
 4704  7595 10999 10727 11284   271  9533   872  4499   946
 1261     0  3187  4733  3620  5445 11830  3802   212  8074
 9902  1126  2726  9495  3997  8527  1667  3537  5671   817
11788  7993  7257  4995  8638  5211  6139    92  4356 10589
 6904  6042  8158  1937 10124  3508  6379  6561   512  6010
 1050  3034  7372  4580  8614 10482  3745  5800  5903  2812
 4671  9823  7563   527   976  7508  3575   528  2981  6852
 3621 11611  1400  3250   855   535  9486 10951 11194   185
 4928  6460  5976 10726  4912  8359  9066 10458  2397  3627
10568  9560  4488  6809  9649  1004  4494  6838  2741  5958
 5020  2407  8852  9034 10830  4656  7988  1334  1360 10861
11225  5131  1204  4991 10357 11073 10095 10093 10587  6026
 5614  5264  9150  7152 11221 11858  8720  6207  4353 11308
 1043  2782 10553  2070  8370 11450 10543   972   741  4237
 1109  4477  5117  4869  8442 11554   222  3743  4660  6110
  438  5897  6792  6334 10768 10500  6910  3904  7635  8922
 9948  3778  6143  7062  7761  3458   404  4458  8337  1659
10687  4789  1065  9820  4513 10495   851  8118   749  4883
 9000  9690  1238  8912  8223  8394  3387  7570  8450  7217
 8110 11420  8905  6221  3717  5715 11072 11284  4449  9829
 6331 11121  7851  3103  5370   345  1319  1899  6705  5565
  671   390  7404  2277   438  6458  9292   259   951  4423
  493  1646  5817  5809  4654   364  7288  2602 10754  2072
 9913  9581  8227  3698  7475   356  9646  6563  9103  2244
10414  4808  6700  2912  7191  9244  2111 11214  7842 11137
 4991  2926  6773 10645  2548  4040 10669  1925  7833  7270
 1518  2498  4725 10567  8867 10489 11369  9700  9177  2434
 6146  2131  3550  5893  4004  9748  2114  2598 11885  7176
 3127  7710  8232  7953  4815 11128 10727  9984   431  3340
11350  1290  1409  7570  8921  5842 11988  2564  9060  5154
   37  9691 11334    28  3619  5929  9555  6216   575  1184
 7192  2031    54  4702  4012  2516  9111 10728  6549  9707
 2506  9720 10473  3451   485   685   149   980 11672  7897
 5199  8494  6455  7176  5864 10037 10613  4679  4712  7085
 8427  1770  6073  9060   300  9429  9075  1673  2776 11635
 8091    32 11544 11938  5532  2211  9142 11892  6221  2866
 2063  5778 11974  2695    16 11643  2244   183  6806   109
 3821  2762  5301  2053  6379  6185  2186 10191  8293  8284
 9662  5507  8948  8280   265   526 10411 10635  1602  3970
 8091  4647  4163   158  3740  6857  7061  6536  8787 11736
 8694  2089  2271  5737  1731  2233   175  4656  6028  1732
 1222   143  9813 10564  5274  9900   416   341  6466  6400
10273 11457  9373  8895 11991  4468 11719  7052  5134   407
 7792  7292  3959  1902 10435    16   189  3787  6260 11270
 1475  4425 10706  6198 11392   855 11807  5064  6297  2438
 4763  5867  6799   923  3252  8469  1760  2131  3294  8057
 5705  5216  5786  6020  4681  2449  3647 10581  3044  7242
 7319  7805  6339  3965  5018  3871  3674  3334  8577    89
10538 10931  8337   319  4884  8943  4818 10400  9354  4736
 6343  5811 11423   846  5001 10662  8832  8930   608  7586
 2290  1482 10531  5344  4050  2587  8367  1619  5433    35
 8605  1458  5259  2704 10087 11814  1549  5802  6666 11943
 9060  2817  9085  9644  8486  4546  3113  9230  2264  4937
 7759  6264  4877  8168  2799  1580  3665  7628  5680  1737
 5771  6311   940   548  6073   812  8926   400  9692  5727
 1873  8445  7342  6258  5740   794 11175 11079   697  9802
  721 11937  6434  7504  2537  3731  5282  1216  6380  1345
 2096  1095  3878  2185  6563   577  6950  4183  6735  7954
 5730  6914 11861 11569  6120  4068   728  2065  1397  4948
 4898  8092 10460  7627  4924   499  4796  3654    71  3192
11950  2339  6942  8901  3619  5829  6921  2440  6329  9951
 4161  4459   539  1771  1581  4726  1786 11427  6729  7630
 6334  2410  5902  6161 11586  7937  9207  7118  2100  8335
 3054  4873  1331  5273 11655  4911  6043 11367  4853  7154
10850  2787   963  8972  6923   770 11158  8021  9929  4098
  744  8199  4754  6983  2718 11995  4996 11145  1826 11451
 5920  9274 11510  3572  3146  9996  1012  8562  7098  1520
  419  2629  4167 10287  1204 10550  6159  5669  9772 11554
 3982  8367 11143  2849  1649  1736  5017  5519  4965  3619
   57  7244  1902  6937  7893 11180  8584  2026  1794  3129
 2060 10210  5385   921  5609 11150  2131  1792  2680  3139
11431  8835  2729  1361  3237  3696  1667  5885  4896  7746
 7243  8024  6831  6812 10464  7101  1709  7968  4302 10584
 1425  7881  7023   414  9465  7230   971  3165  6392  6100
10892 11756  1060  2959 10702 11408  8959  4748  1504  5809
 2606  6378  5280   591  9689  5930  2865  2105  4721  5418
 7677  5851  9894  1149  6922 11872  9825  3269   355  2879
 8342 10806  6556  1801  5355  7326  7844  3137  2201  6657
 4068  5253  4286  5143  5904  8230  7626  7409  7096  7442
 1605  6196  7321 11228  4260  7756   881  3160  6075  7458
 9118  9755    44    85   146   429  9111  1517  2460  9010
 2585  6699  2026  5647 10937 10696  7766   456  6822  2187
  106  5955  5529  2008  7232  1025  3641  6402  8113  5392
 5338  6628  1156  7617   441  4187   124  5561 10514 10538
11720  6333  5947 11271  4902  9738  6007  4499  3595  6579
 2681  4389  5097  3498  5180  9551  8824  7180  4479   303
 6178  4619  6396  4046  1435  8020  8301  7383 10353  5869
 6479 10859  1959  7981  8885  5518  3582  4439 10071  6249
 6617 10893   426  3753   551  9117  1657  4377   405  8100
 5625 11248  5872  5322  4602 10584  8064  1802  5412 11496
 3773  3609  4015  6894 10815  1030  5126  1528 11323  4328
  811  5524  1389  5517  4305  1286  2830 11635  2902   339
 4621  6470   355 11248  6218  9398  6665  8386  1525  6035
 7739  1281  6343  8217  4887  3723  9687  6724  9020  5214
  505 11448  7818 11068 11955  7983  6906  5013  5124  6477
 2699  7921  5004  6736  7161 10784  9760 11583  3143  3123
 1829  2441  1833  9254  5855  8335  8135 11383  5100   259
  775 10758  1363 10262  1711   523  6066  1334 11492  9812
 7562  3978  8258  6833  7920  1508  3945  5587   374  7912
 1464  2817   932  8469  3663 10118   491  2365  1487  5352
 1459  4775  3178  6037  8746  3462  3360  1612  1420  7294
10860 11396  6964  5511   302  5881  7756  5576  1191  3359
 8118 11844  9655   154 11679   786  9110  9738 11303  3606
 9971  9531 10406 10572  7754 11874 11609 10422  8305  2205
10641  7285 10834   256 11035 11771  9355  2755   542  2202
 5045  1612  1807  7542  5838  7470  2248  7693  9751 11041
 2271  6668  3035  5052  3521   553  1495  3343  2527  7313
 8897  6207 11155  8942  7119  2175  8544  9362  3320  7478
 6445 10802  3222  3895  4994  7773  7687 11104 11881  7005
11869  8510  7754 10531  3472  1721  1214  3024  8190  4685
 1124  4957  4045  5512  2095  6320   679 11236 10631 11382
 1576 11476  8896  4873  6806  4787  8716  1422 11853 10840
 3117   848  7565  8685  8183  9035   475 10588 11225 10058
 6260  9486  8173  3813  8410  1959   358  5569  3777    19
 6744  7416 11057  4321  1111  6126  4919  6320 11071   203
 3559  4999  2007  5331  2703  2581  8088 11168  5242   187
  774   155 11238  4849  7859  6921  2275  5348 11249  9570
 6608  3452 10519  8001   569  6230  6236  1674  9964  9685
  968  4691  1370  5959  8050 11842  1262  7783  3190  1832
 7922  8651  5953  1026   348  8343  9280 11701  9711 10122
 6982  6465  6036  3157  1756  6668  6965   537   623  6745
11812  1283  4186  1506  2497  7859  7557  2398  3158  2928
 5410  6429  7192  5292  8156  6657  7262 10168  5571  9907
 6681  4652  1535  1957  7266  1491  1446  1949  1789  7730
10607  7321   642  2975  5006  7799  9187  9448 10448 11949
 4537  6689  3670  4116  8700   514   859  9897 11991  5012
 7100  1453  9486  8393  2564  2427  4161  4296 11142  1450
 3267  2044  8555 10066  7212  5512  2989  2913  3455 10626
11757 11723 10617  4614  5885  9054  6330 11777  4365  5017
11122 11648   300   540 10270 10445 10872 11210  4091  3572
 1043 11937  4227  7513  7351  8118   740  9842  4793  5957
 5256  4127  6987 11837  7669  8752  6218  9279  7365  8408
 5448  9890  3136  7893  7442  6422 11169 11780  9752  3221
 4033  8352  9510   714  6420  5934  7463  7968  9598  2506
 2893  2909  9835  4339  5478   563  9621  4281 10813  2559
 2468   927  9913  7666 11876  8217  3141  6852  2076  3826
 8674 11844  5465  1284  3277  8745 10520  7143  9973  4653
 2259 10648  9815 11718  4042  3961 10536  9652  3247   569
 4512  4466  6147 11002  8310  3788  2983  2736  3479  2440
 4197  1828  3474  2885  1737  1231  5288  5908  5725  6954
 2870 10153  2913  5799  6687  1184  1982  1494 11335  4230
 8310 10064  5709  8463  8994  9519   169   485 11435  6751
10475  6805  7248  8244  3302   340  8488  8648  4785 10453
 6393  2798  6147  5274  6778  3081  8936  4835   234  9801
 1527 11059  9771  3933  5061  3437   432  6771   138  7751
 8499  2829 10025  2788  7139 11644  4763  3862  5948  2314
10551  6746  6150 11717   827  9544  7529 10504  7248   591
 9499  7692  9961  3988 10044  9343  7794 11783  3738  7767
 4156  1870 11510  9145  9473  3486  6349  3334  6695  3309
10152  9900  5436  3977  1554  4861  2584 10529  3748 10760
 8405 11161  1661 10757  4698  8314   616  2201  5504  4018
 6906  2207  8540  6317 11683  4880 10524  3536  3721  8837
 8149  5279  4353   765  2834  9726 11672  8067  7582  8772
 6042  6035  5292  5165  3512  1076   110  1750  9581  1572
 1190   737 10944 10879 11391  7443  2770 10355  2290  4317
 5657 10669  8772  3609  6803  8827  5982  1976 11728 11056
 9441 11365 11328  4302  7151  2503  9846  4813  5677  9474
 3075  6920  4732  2977  2235  2745  3173  1415  8793  7623
 5677  6801  4575  9361  5178  3457  2364   111 11783   732
 8219  4422  9034  2689  6549  4872  4153  5735  4003  3946
 4437  2333  5793 10849  6613  7517  6984   813  8391  3753
11020  7734  8506  2840  6634 10733  4321 10168  3645  4708
 4248  9914 10069  6911 10076  9552  8387  3978   492  1505
10748 11949  7861  9345  9835  7532  4852  2289  7425  6605
 3783  1850  6949  6830  7598  7552  1774  4223  8643  2695
 1115  8055  4016   929  5126  2558  1745  1917  9944  8122
 9898  6809  1207 10657  2754  2468  9204  5880  4721  5400
 3230  3876 10362  8290  9217   988  7393  4804  7240  9072
 8718  1112 11416 11032  5313  2536  8358  2713  2647  2894
 5108  3065  7466  7728  8694  4644  5285  7956 11695  1741
 5589  1769 11008 10901  6258 11950  7244  7201  1446  3963
 4090 10345  9316  4142  2683  9879  2323  8159 10708  3186
 5563  3445  8083   301  7757  2408  7645 10418  6544  2525
11501 10541   512  8224  7795  3121 11116  3420  8867  5924
 6387 10436  9744  5151   721  7672 11292  2826  4455 10350
 2338 11647  3853  1238  9152 11464  5635   384  4516  1165
 4511  2208   254  9268  8693  7372  4498  7155  9616  6311
 4591  6580  5511 10914  4143  4367   212  6983  9853  5856
 7395  8216  1571  6652  1256  9375  5552 10855  4312   707
 5718 11043  5461  7351 10440  8502  1319  4653  9857  5628
 6252  4033  9328  7510   544 10765  1316  4196  8107   148
10625  8706 10094  3794 10887  1749  2258  1029  1096 11687
 7892  2875  8854   817  6275 10234  3314  6322  2805  7693
 4889  5423  6281  9380  5710  5367  7341  5866  7116  9540
 4794  6689  5504 10526  9430  8470 11753  1711  8243  8678
 3087  3637 10607  6524 11863  7806  7606  8742  4528 10210
 2423  6990  9893  9683  9442  5325  5842  2274  1336  1513
 5956 11764  6877  7411  8337  7066  4379  9267  8021  8040
 4102  1983  8416  3241  4773 10090  5054  2631 10566 10662
 4433 11328  4288   133  2812  5244  5729   223  3002  5027
 2187  8864 11410  8223  1799  3613  6329  9493  7200  8371
 3712  2667  6231  5915  4797  9272 11458  8401  8418  2988
 5674   796 11918  6712  2550  5901  6356  6814   157  3708
10006  3057  5515  3276  6816   640  7881  3477  1207  4911
 5825  6061  4824 10912 10512   875 11621  9553 10517  5118
  547  7858   998   926  8982 11043 10787 10059  1263 11241
 3944  9379  8327  8396  4892  4008  1920  8796  5171  2267
 4578  4331  1457 11523  1860  8599  3214  7201  5739 10182
 4038  9976 11982  9605 10451  3668 10466  1348   357  8108
 3312  1070  1507  7096   715  1243  1468  3360  3659  7731
10847   552 11395  4813 11846  4584  4382 11077  9395 10690
11137  1229  2799  3132  7672  4561  5567  5460 10582  6032
 9405 10782 11827  9491  3034  6317  8338  4683  9055  9064
  447  1730  6732  4380  9131  4320  6536  9575  8888  7431
 6518  1810  5469   409 11350  3963  4520   493  9045  4922
11671  4510  1864  4111  5515  9307  3246  4350  4980  9109
 2468  4061  9272 11985   201  8736   108  7332  1023  6052
 1470  3060  7512  7522  8902  6849  2793  1584  1541  5952
 8285   522  4946 10367 10143  6448  8128  8262 11530   310
 4363   191 10043  5948  2996  3788   108  4474   622   933
 2235  2116  8273  2380  5839  8336  9551 10215  1271  9953
10739  9336  2256  4492  6483  3891  1798  9523  6237  3765
 6971  9862    61  9015  9848  4742  1295  1590  7507 10968
 4484  2893  5698   653  9555 10569  8987  8791  7374  3274
 8802  6902  6547 10771  5626   519  7178  9201  2935  8697
10797  7498 11333  3508  1035 10864 11606  1251 11751  2577
 3799  1864   801  4636  2563  6502  1252  4334  8498  1783
 5667 10106 10841  2375 10651  5373  1826  1022 10464   778
 4971  6212  3579  3353  6522  1019  6612  1332 10334  4413
 3536  6925  1841  6629  2990  6967    63  4427   133  3125
 3459  2948  5357   595  4860  6958 10355  5620 11633  6971
 6157  5086  7559  1608 10769  9858 10984  6535  5249 10104
 4590  1473  7891 11204  4073  2169  4871  4482  8593  9908
 2795 11449  6330  7617  7197  7727  2927  2959  4437   111
11512  9266  5756    69 11964  7131 10122  3845 11895   909
 7133 10601  4080  3234  3491 11739 10528   208   409  4440
  799  5714  1297  6360   266  9413  9739  1714  5138  9767
11696  6400  6954 10729  5382 11619  4200  3689 11037   968
  223 11122  7912  6938  5291  3827  7144  2607  4924 10223
10496 11850  2122  6436 11739  3759  7527  6193  8519  1295
 2256  3260  1422  8617  3434  4264  1396   242  5359  6067
10896  2921  7465   875  4475 11912  2963  9496 10807  6657
10158  5730 11223 10125  1320 10465  2973  1458 10672  9088
 5864  2985  3978  5393  7929  5329  3342  3407   138  3693
11290  2486  4852  4308 10996  1157  1446  9011  2064  8342
 2602  3791  3303  1660  1225 10808  1639  3326  2051  4355
 1895  7865  3741  5021  6776  2912  8932  6504  8575  2155
 2855  3965  7010  9087  4788  3308  1779   438   432  6804
 4708  5270  4314  3873  2736   127  7860 10894  8938  9629
 5874  4825   714  4346 11982  4333   402  3495 10982   192
  485   721 10787 11620  2008   496  6106  3453  2036  2971
  403  4625  2085  8719  1797   749  5022  8568  5889  6631
 6867  8764  2006  4494 11086  2335  3033  7052  2807   496
 3417  2604  2193  9844  2876  1165 11028 10396 10474  6373
 5358  7993  9097  6639  7329  2453  5351 11133  1906 10358
 5580  7180  9282  2009  9740  8124  7370 11660  9584  3467
 4258  6879  4727 10328  3227  3859  6614  6892   867  5194
 7539  1038  6123  7476  3327  2818  6619  4981  5520  2113
 1644  2826  7628  4022  1070 10060  8436  7114  3254  9800
  972   812  5394  6653  7735  9516  8003  3965  9542 11690
 8395 11545 10542  6828  4064   679  4985  6039  5949  1167
 2569  4142 10075  8403  4884  1048  6022 11098  1262  8495
 6489   222   764   267   138  9887  4172  6705  6528  7843
 5920  6071   580  6381 11398 10484   284  1361  4030  5715
 9147  9822  8123  1596   386 11064  2763 11043  6299  8171
 7994  3359  2013  6349  3949  6492  7150 11020  9777  2482
 3676 10946  6499 10531  7006  4160 10404  9813 10623  2852
  974  5141   295  3134   650  8469  6398  4021  8955   113
 8128  5162  8641  3742 11089   996 10667  9095  6271  7323
11438  7731 10310  3460   110  3758  1200 11978  9954  2891
 4266 11074  1406  6832 10296  5662  7440   731  2705  7945
 1303 10535  1366  3756  9474  8695  9923 10383  1777  6610
 2564  9176  3637  1069  6555  6022   107 10281  8907  8333
 3509  7072  9951  7986 11181  5458  9975  6551  4605  3777
 4522   633  8968  2708  8952  2723  3244  7305  5691 10236
11809  7207  6682  6976   664  1380  9604 10622  9685   390
 9209  5772  6906  3004  3433  6325  7519   919  3781  4677
 7983   854  9125  4204  7702  7169  1107    26 10985  1700
 7041  3969  8897  4651 10524  5635  1566  2212    49  4016
 8266 11485  7706  7491  3935 10419  8047  6557 11495  1152
 6993  2476  9444  3853  2214  4126  8139  2401  3075   984
 8427  6811   767  9284  8910  5266  8474 11859  2818   825
 5473  6373  6347 11074  1324  7378  1267  3776  7997  8972
 7611  1433  8243  1797  7848  1577  2365  9952 10002  1745
 2889  5298  4869  8884  3415  6764  3913 11125  4332  8044
10031   453  1303 11681  2545  3608  5678  1120  7433  2293
 3062  9863  9592 11056  8516  3197  6808  2115  7173  1818
 2536  6872  8589  2550  2000 11254 11441   975 11986  2339
 3497  6405  3284  4161   388  1283  7596 10740  4455 11540
 3306  4033  9802  5492   186 10352  4158  9887  7650  2666
11363  3199  1238  2645  8036 10048  4883 11600  1582  2663
11290  3678  3382  7418  2416  7632  8806  6572  6761  9822
 9325  6075  6981  7002  9404  1258   906  9172   756  4222
  548  8235  5062 10704 10367  1015   884  8068  2841  8500
 2894  2965 10024  9176 10209  7905  3405 10380  5058  6012
 6679 10508 11527  5592  5053  3785  6846  2577  6113  7779
 5474  8407 10396  8906  2008 11902  1329  3645   704  5382
11827 10897  1618 10983  2277  8559  4074  5771  9467   403
10820  7323 10970  5647  3866  7746  6227  7907  4047  9797
11172 11936  4124  5302  4940  9213  6002  1849  6455  6900
  452  8036  6251   115  8854  9525  7168   311  5435  9734
 4735  7085 11670  9099  4409   788  1071  9825  3948  1176
10105  7508  6683 10564  8917  4120   653  7059  1841  5336
 4301  9237  3808 11949  5444   550  3516  5003  8033  7856
 6806 10780 11648  4113  3546   250  5172 10092  2285 11744
 6701  6659  3658  9961 10829  6376   200  9706  6702  9771
 4384  6629 11665  1777  4856  6621 11330  6598 10453  6871
 1683  2436  1554  2364  5151  3457  1965 10932  7677  4948
 1670  8866 11580  1914 11032  5622   438  2627  4226 10322
 6053  3014  3458  2155  9209  7390 10314 10026  8002  1502
11028  9763  6486  7627  9432   512  1804  6345   962  4400
 8723  7896 11222 11842  3500  8703  7973  4041 10670  2115
 6830  8689  6536  2780  3278  5386  4203   226  5262  3763
 5506 10791  7039  3462  6552  9748  1039  6361 10912  2029
 5553  7128  8991  1222  7305  3887  7485  2475   312  2655
 7883  2856 10255 11111  8525  9803  3544  2944  7562  5085
 8526 10949  5635  5547 11285  6379  1366 10036  9521  1991
 3857  3481  4899 11612 10666  8119   909 10836  5235  2161
   89  8224  8753  5912  6489  7472  5953  8284  3887  6085
 1400  3317  5877  7254  2726  2487  2521  2171  7255  6641
10247 11221  4133  8212  8166  5360  3250  9693  6791  2639
 6360  8062 11572  8391  4410   956  4228  8443 11057  5017
 1458  7662  4527  3851   455  8424 10989  4700  1916  4706
 1519  4989  5615  4098  7075  8316   627  2815   385 11528
   72  9936  8318   265  9525  6500  2093  9632 10276  3599
 9838  1793  4391  7916  1908 11137  9587   823  3434 10591
10761   363 10277  2099   928  9503 10862  2162 11619  2686
 2653  3410  2440  9106   559  8412  3740 10707  7993 11589
 6457  3766  1806  1575   851  8697   660  1232  1563  6631
  895  2666 11801  6435  7333  5657  9818 11314  2835  8255
 7791  5862  4017  8880   292  1934  4637 11558  5176  8851
 8280  2540 11039 11221  2142  4445 10218  5353  3244  7207
 9332   203 11776  5739 11489  9071  4061  9883  8119  9849
 6518  4163  6453  5445    23  6109  3509 10483 10659    28
 6659  1472   645 10707  9750  8898 10735  7927 11094  9900
 2236  4419  7396  9488  1863   566  4194  9548  3502  7078
 7645  9229  7056  5228  1368  6340  2746 11500  2545  8593
 8728  2970  9848  7086  8802  6093  4884  6711  3696  5017
 7909  7887 11978  2342  8330  4918 10410  2194  3291  8372
 7714  3604   453 10788  5266  8672  7264  1702  7043 11591
11120  4462  8431  2034  3238 11219  5723  5489 11291  6480
 1696 10982  2025  3455 11810  3708  8920 10358 11823  6480
 6659   274  9031  7134  4175  4257  8909  6408  2923  8684
 4708  2706  6974 10880  2170  7231  2009 11574   770 11711
 7682  6122    51  5687  9788  2475  1282  4468  1479 11139
 1728  7684 11041  1656  6552  5398  6891  1720  2825  9199
 8145  2655  6937  1076  3335  3233 11314 11892 11360  2294
  491  5297  6475  5960 11774  5541   811  2729  1468  6721
 7742   793  2697  4902  1359  1091 11991  7133  8483  5217
 8881  4548    30  7792  7690  5511  8333  9198  1835 10941
 3129 11660 11968  8738  4586  4272  6525  6107 11249 10975
 7187  1496  2168  2405  8881  7278  6387  8402  5505  4154
 7886  4641  7574  2719   468  5648 11418  5049  1582  2557
 6576  2537  6337  4244  4513  8362  7866  7267  3697  4609
 1058  3702  5636  8003  3757  9040  4940  2174  5505 11518
 1512   502  7461  8893  4836  2793  7664  1054  7614  2446
  164  1782  9433 11387  2833  2369  8877  5900   176  4488
10005  8935  7531  9353 11971  7351 10126  3397  1523 10205
 5023  3672  2353   860  4288  3514  1506  4720  5870   484
 5565 11050  1742  9067   501   659  6668  4241  3785  4724
 5250  8575  7400  5118  6885  6147   532  3835   927 10043
 2461  1539  9134  3896  5089  5243 11608  4255  5187    20
 6907  4134  8405 10051  5827   474 10343   616  8671  9798
 6249  7684 10329  9939  1782  8207 10234 10443 10011  1263
 3982  8755  6287  7494   456   491  1646  3223 11490  3533
 1527  4282 10998 10208  4645  5536  6186 11202  6359  5915
 5338  8305  2773  1923  1651  2578  6847  3833  5434  6363
11938 11251  1619   494  1127  2470  4362   664  7312  2856
 8498  3634  8295  9575  7509  6464  4262  8985 11902    67
 3094  7158   765  8110  3415  5559  6813  4803  8478  9824
 6802  4611  8149  3720  2130 11092  7627  2977  7258  9037
 2677   986  2095  8883  1867 11506  3467  3293 10116 11520
 3435 10853  2755  7126  1177  2575  8507  8448  9915  9215
 5657  1965 10708  1822  9352  9569  3898  8782  4730  3043
  902  5472  4775  3007  6249  8542  2407   785  3555  1300
 1128  1261  8415 11600  4388  6927  6241  8828  6950  7332
 2166  1727 10308  6211 10498  8483  3383  3675   447  7412
11876 10461  2374  2911  3766  3716  4221  6416  1304  6759
 7822  3991  1391  2691  7056    99  8232 10630  2879  4692
 1208  4733  3213  4646  3531  6249  3017 10256 10928  8209
 8595  5616  9361 10587  2890  7274 11560  2263  1185  8762
 1480   674  3431  8373  9619   782  1298  5557  2561 10321
 7445 10773  2236 10200  1334  7226  3477  4724 11504  8790
 1206  3085 10853 11382  1547  6444  3953  1605  9127  6378
 3548  3116  2769   242 10509 10090  9568  6984  9967  9618
 7333  9351  1968  3548  2978 10761  2353  4419  9771  4379
 4756  6120  7476  3370  6245  1849  8083   485  3821  9744
 5330  9279  9167  4561 11420  5309  4964  2231  9994     7
10175  6973  9356  2585  9710  5369 11990  2184  4101  9950
 2954   669  9305  5636  1729  6340  9692  8758  2123  4982
 1234  4503  2466   922  8881  1636  4867 11197  3247  6429
 7109  2424  9858  5044 11979   312  2494 10843  6509   728
 3496  4956  1755  7746  8030  3470  2992   960  1196 10709
 7906 10799  3282 11080  9606 10998  4906  9612  5053  8072
11056  8006  7759  8340  3549  7013  8324  1074  1803  8989
 4492  4172 10846  2560  2985 10215  9579  6523  5823  7547
  330  1152  5238  3310  2721  5150 10215  6851  8854  8544
 6580  1019  7328  9675   941    57  5112  9197  6033 11790
 6955  9054 10319  5321  2288 11834  8373  1697   487  9017
 9599  5093  3523   616  4995 11206 11254  4028  8988  1007
 4006 11978  4989  7027  7234  7883 11641  9313  4894  8427
  519  3761 11721 11338  9403   451 10050  4969  6337 10394
 1727 10587  2081 10682  3467   268  9352 10522  2875  3915
 6937  5699  5777  6484 11332  8988  8932 10819  7857  2181
11596  6298  1852  8047  9987   357  7301  9871   868  4338
 7700   492  6215  7015 10866  2294 11030  6450  5904  3908
 3037  7383  3422  6157  9107  4761 10597  8107  8920  2312
 2387  5715  1376   890  3412  2431 11504  3670 11722  4623
 1758  5884  5147  6802  2986  7660  9253  5546  3839  5502
 8494  6908  9273  3078  7079 10264  1390  2108  9462  9411
10120   682  7240  2763  1306 10201  7727  7411  9063 11761
 3512  7968  6047  4185  9110  8990  9997 11298 11397  5698
 2876 10319  2326  5171  4633  7883 10507  5894 10074 11704
11714  8560  3688   987  8087  7284  2038  5237   898  5161
 2873  7093  2901  9222 11154  2317  9310 11355  3551  2702
 4856  1134 11689  2189  9764   515  6206  2685  7645  7895
  331  2748  6289 10921  2291  7221  3052 11242  3203  6984
 8024 11710  5071  1304  8570  1217   420  4750  1741  4508
 8505  6818  1962  7305  2649  1419  7994  8731  8486  8701
  340 11890   540  1240  5354  1805  3550 11823   436  3747
10815  4420  6424  8160  2599  6737  5864  3615  3987  2258
 7423  5994 10989 11504  5865  4074  6910  8640  9561  9860
 6681  4816 10849  5799 10878  9585  4252  3092   104  4308
  177  6551  5384  2902  2813  8432  4735  5856  7769  5359
 3254  2272  5618  6049 10330  1036  1031 11857   686   536
 2262   718  7087 11592  7990  2116  5922   606  4114  5390
 3348  8394  6330  8229  3155  8158 11692  2640 11276  4830
 5960  4662  9666  1852  8482  4777  9628  4137  4440  1387
 5616  2951  2555  5663 11850  6761  9475  8475  8600 10334
 6516  2216 11569 11515  8388 10873  9763 11043  2241  5574
 5854   440  3465  6310  7537  9131  8697  2142  3419  8948
 8632 10838 10429 10568   742  8827 11502   742  6803  1861
 5865  9212  2065    88  5600   680  9312  6739  3085  8559
  938 10690  9224  3780   962  5337  6124  5059   933  2503
 3150 10619 10999   668  5919  1515  2256  8903  8727  3341
 4699 10023  9565 11563 11672  7747  1946  4678  9766   454
 9068  4320   127 10814  7430  4385  3332   317 10445  3322
 1925  9245   658  7191   176  2978  6925  7942  7517   709
 9603  3972  4250  9587  9206  7030  6487  9134  4622  7099
 8409  6024  2132  7112  4224  3685  8394  9933 11765  1756
 3061  2206  1979  6485  2946  2877  6528 10395  7897  5743
 5652 10162  5777  3095  6152  5063  2107 10343  4530  6914
  889  5805  4025  4830  1507   930  4273 11666  5234  2912
10747  1827  6262 11730  7393  5685  2964  9564 10785   547
 7040  2906  4358  7473  6537  1007   410  8147 10738  1854
 4226  3699    37  3771   140  1775  7694  7469 10556  4832
 7173 11735  4994  3342   472  4007  2464  5439 11443   627
 1094 11261  1368  9295   304  8530 10899 10101  6637  8828
 8757  5534  3589  2537  4163  1372  9618  1144  6839 10170
 1540 10862  6270  8868  6169  8887  3036  4116  1528   658
10204  6032 11075 10608 10388  9162  9117   838 11065  4487
 4922  6782  4725  7690   114   187  1266 11625 10432 11449
 1939  9344 11711  4075  8716  8589  3718  5391  4023  4503
 8237 10452  3216  4037 11356  3522  3128   288   908  5739
 6800 11037  2301  5603  2886   455  4635  9558  4041  3139
11953  9552 11237  6151  8865  4183   837  4049  6120  9689
11647  4233  8177  8547  1976  5821  7996  2344  3081 10465
 8366  4060  7150  3632  2280  3118  1238  5186  3309  9707
 4223  1001  7318  4797  1347  1275  9581 11317  6474  7765
11071  4128  4752  5733  9385 10170  3770  6840  5139  5143
 2269  7693  6416  7571   691  1433  2925  5720  1223 11191
 4854  2603 10759   414 11127 11204  2067  2651  5922 10381
 4684  5118  8532  3243   593  9393  7934  3937  3812   971
10815  4958 11915 11504  3097  6620  5476  9793  7797  2805
 9689  6278 11806  6937  1861  2270  9939  8030  8276  5164
 3757  4214 11800 10965  3895 10691  1815  1796 11411  1814
 2019  4821  7528   552  3778 11589  3180  7301  6609  1825
 2804  5845  6708  1514  9259  1199  9240  3827 11339  5417
 8299  9132  2538 10118 11946  1549  2293  8430  4416  3536
 7233 10024  1608  1139  5603  6487  4588  9827  1481 10293
 8225  1978  3161   559 10153   396   936  7489  2573  7634
 9345   430   659  3032 10843 11644  2106  1295  1462  9712
10123 11351  7780  7382  3655 11065   443  9073  1657 10086
 1801  7370  8121 10731  8113 11868  8625  3795  9498  2371
 2788  1559  6417  3486  5452  8049 10793  1409 11080  4125
11869  5983  8521   664  7685  9783  9265  4541  9795  9101
11428  8331  8268  4364   177  6932  4189  8677  1533  9565
 6115  1271  6570  4823  9896  9089 11490    73  1434 11538
 2696  6800   152  1290   507 11343  1684  4669  8988  9076
 8706  2547 11036  8189  4170  1877  7286  5288  5647 11509
11053  1340  5277 10539  1048 11857 10836  1021  4226  3933
10468  9352  7378  7258   826 11981   595  5098 11607  1247
 4504   414   193  6136  2164 11029  1320  3693  5933  4974
 5321 11062  5885  2547  2042 10774 10107 10748  5924  6647
 3560  8533  4556  1794  3384  8583  6052  2199  3337  8867
10843 10618 10128  6772  3115  6516  8680  9487  7444  4977
 4098 10681   733  8333  3121   678  7216  1836  2407  9996
 6243  1994  1732  9672  8101  1319  5071 10085  2203   966
 8617 10646   623  6521 10866 10883  3119  7503  6989 11705
 3890  5735   297 10086  9851  5958  1194 11717  8090  8801
  223  2907  8411  6690  7270  6376  7752 11588   854  8850
  428  5173   986   543  9692 11920  4383  8536  2527 11231
11093  8522 10707  6304  9378  6226  4022  8288  9090  7137
11138  5185 11909  2722  6585  5586 11735  1510  4787  4936
  564  8279  2622  1365  1877  2833   815  5432  6309  6800
  925   918  3395  7574  1609  4295  8396  3567  4771  6978
 7034  9393 11280  8520  9040  7581   563  4824 11963  1108
 9859  5568  6961  1449  5446  4849  5143  6192   874  8382
 6087  1958  1485  9000  1129  9107  1869  9018  8973   148
 1844    75  3765  6925  4779  9411  9728  9449  7369    77
 5826  6434  8101   772  1287  6617  2606 10172  5378  9724
 3258 11091  2636  7232  9188  9832  1463  8983  2895  8799
 3092  1046  5852  2188  4134 11370  7100 11452 11529  8963
 3370  4465  2475  6642  9364  7726  6908  4612  1120  2691
10292   286 10845  1943  8017  5573 11114  6028  5059 11335
 2449  8969  9612  5844   235  7433  8653  1970  5678  9626
 8954  7089  8504  6929  5023  2164 11906  1927  6714  4101
10210  5582  5956 10918  5009  3236  5678  8365  3994  4147
 9866  9722  9790  8039   912  1179 10789  9163  7007  4130
 9904  2172  1244   818   195 10022  7461  5032  3302 11208
10458  1017  1037  1835  9092  6258  3390  9430  8259  3761
 5562  5186  1884 10742  5102  4737  1621  6592  1846 11457
 2391  1551  8390  4477  3908  6203  9556  2545  7332  7361
 7898  4769  8459  4319  9834  2831  7126  7294  6845  8744
 2584  9060  6716  9281  1212   340  8515  9315  3801  4428
 4199  9522  8945  9808  7090  8616  2374  9472  4699  2172
 8645  4949  2176  5345  7848  9713  3657  8204  8706  7032
 1736 11752  8206  3439  8691  4990  7053  4049  6465  8333
11643  9297 11643  3396  2653  7062  1813  8516  8073  1037
 2752    21  1358  1054  5291  5898  6448  3389     9  4752
 3582  7762   858 11314   326  2340  1353  5621  8903  1302
 1826  8480  1356 10766  2480  7231 10561  5325  7205 10612
 5744  3120 10302  3287  4960  5761  3450  8000  7952  7604
 5079  4213  1786  2155    89  7278  6475 10969  9986  8048
 3112  6522  6120   848 11978  6855  5429  2406  7825  3184
 9877  6945  1256  8891  3919 10242  6179  4281    86  7205
 6094  5221  2566  6806  9465  2972  2549  5536  9836  7118
 6497  3754  8057  8041  7001  4782  3603   960 11476 11922
  321  7543  3858 10835  8627  4434  7327  2348  5538  4635
10252   700  8930  9250  2236  2216 10351  2138  9171  7517
10298 10438  8937  6419  3393  6258  4625  2159  3362  2346
 2986    96  8975  6823  4286  2537    90  9460  6637  5951
 2553 10180  5919  6966  1946  8651  9297  4390 11772  1530
 7324  2011  2318 10024  6732  9270 11528  6991  4695  9174
 5089  7448  7534  8598  4533  2646  1810 11247 11928  2568
 4482  5743  9542  7281   862  9928  7165 10550  3566  3798
 4702  6758  7382  8096  1618 10679  8336  8253  2591  3680
 7880  8996 10663  8196   998  4483  1698  1608  9580  1013
 5387  4527   871 11170  3465  6340  1110  6714  1457 11124
 9626  7826  6132  7117  6852  7245  6704  6143  5577  5852
 1497  6123  3620  6758  2717  7143  8743  9711 10120  1085
 7705   197    25   904  9100  3584   572  9526  7015   893
 8119  3354  1765  9942  2383  9971  3797  6548  5385  8784
 5017  3894  7586  2407 11064  8107  4179  8148  3467 10230
 5922  7565 11397  2758  5454  1964  2598  6278  2925  5472
 9556 10971  1865  1083  9320 11070  7153 11359  4453  5031
  862  7805  7410  9893  3049 11389  8030 10467  6867  7448
 2667  9796  9776  3695 11757  9392  9026  3587   652 11588
 1477  9361 10432   433  8290 11241 10595  7285  6094 11329
 6025  1838 10543   359  3278  4554  1892   213  6306 10306
 3742 11362  8076   908  3101  8209  4717  1666 10512 11506
 9085 11651  3127  5883  5251  4591  5342  5794 11997  7791
11580  6066  8231  4961  7428  8030   205  6894 11551  5225
 2697  1692 11067 10353  7800  5806  5837  8402  2434 11407
 8096  6388   547   484  8925  2640  5904 10310  4934  2247
  542  1439 10635  4014  7173  6459  8886   830 11447  2258
 1262 11955 10764  3850   214  8417 11644  2949  9558  8977
 1183  5762  9498  4676 11411  8506  8481  5555 10308 10559
 8450  1280 11185 11088  7780  1915   635  6062  8109  1287
11918  2845  7786  4365 10027  7795  7487  5568  3223   190
 1928  5347  3399  6135  4591  4079  7017  5924   311  4714
 6078  8426  5033  8387  7092  8305  2018  4562  4734  3002
 6430  4677  6021  6229  9987  9990 11736  4691  5806  6573
 4734  4941  9946 11172   346  5537  3178  6782 10221  5323
 9131 10343  4675  2338  5929  6282  2263  6561  6904  4611
 3303  6192    54 11185  5085   619  4145  1043  8085  2118
  664  7862  2272  8214  6678 11301 10326  9708 11974  9839
 7823  9828  3281  7919  4464   284  9141  4675   371  7681
10089  2108  8713  1314 11906   209   520 10018 11105  8800
 1401  8302  2036  8475  3904  4339 11533  4727  6624  1996
 9655 11928 11006  5129 11495  5585  5920  6784  6937  5886
 8153  6844  4067  1508 11623 11778 11300  8541 10672  6952
10128  8881  8463   903  5813  8237  1545  3431 11496  6556
 1030  9897  2054  4824  2527  3749  9484  1940  6141  2275
 2187  9144  8044 10423  6980  7943  5881 10606  2632  3230
 1653 11572  7955  9065 11548  1412  8171   583 10901  8427
 7768   217 10173  3788  1111  1959  8383  5310  8699  4777
 5341 10323  8526 10876 11007   758  2220   967 11957  5165
 4014 10048  7688  1046   406  9102    98 11001 10698  5329
 9707  5221  7044  4458  2693  7044  8116  2725  8029 10711
 2709 10743  9754  4441  4060 11585  4713  5176  9913  7965
 5051  2098  6903  4852  1048  8135  8840  6096  4932 11204
 7041 11052  2232 11494  4297  7859  9492  2943  3561  1227
11105 10523 10593  4738   449  7619  4215  5023  3796  5680
 8223  2157  9475   363    15  2212  2723  4748  7315 11633
 1834 10528  9882  3959  8000  4891 10726   729  5198 10427
11939  7589  4591  5259  9354  2523  7986  1810  6432  7671
11000  3199   426 10570  5100 11080  9216  8353  4667  8544
  721   403 10736  5884  2170 10162  4650 10815  8898  4450
 7663  5839  2725 11661  8879  2270   863  4780  9665  9183
 4180 10266  2618  3463 11290  9613 11514  5755  8323 11800
 8262  8786 11004  2385  1674  7502  8757 10453  4177 11635
 9698  2604  5713 11677  4610   950  3791 10233 11421   279
 2475  8826  1406  4485  6052 10080 10040  4166  9091  7310
 2855   228   478  5986  9628  3250  5847  4565  7344 11577
 3643  9207  1984 11453  1999   631 10436  9719  3372  6178
 7878  8100 10589 10216   116  3751   976  1619  5736  2016
10051  2986 10700  4092  3035 10988  1493  6586  8064  9678
 2703  4191 10588  9415  3113  3498  7090  6328  9206  6589
 9496  2832  8305  6394  7664  4085  5885  1505  1101  2637
 2838  2756  3162  6743  2819  8370  4828 11118  3097  1077
 1292  3184  6334  7190  1998  6603  5257  3349  1466  9864
10105  8301  8011  1668 10071  7283  7607   722  9313  6891
10247 10667   514  2597 11167  8871   144  1951   477  2254
 2600  1844  4743  9808 10587   243  7710  9262  8468 11076
 8398  9731  3319  5863  9954 11707  9744 11696  2454  5482
11272  9490  5216  3134  7633 11002  5464  9017 11134  1798
 5443  8132  3669  8008  8322  6844  5403 11313  8726  5340
 9673  2432  8797  6512  1558   152  7268  3760   538  3338
 7347 10172 10549  4222  3099  2612  3272  2478  7445 10472
 7546  9183  5785  5325  4669  8287  3895  4104   113  4620
 2146   171  1052  4192  9542  9045  3590 11854  2025  8918
 2766  6002 10765  6445  2732 10976  4426  5262 11821  4658
10726  3829   818  9121  2762  4229 10879  3677 10079  2532
 1843  9369  1027  6281 10285  6800 11733 10273  2340  5333
  385  5239  3363  3122  3393  1167  2432   952   494  6257
  266   383   666  8682   888  5606  4953  6167   311  5659
11275  3644  1960  9033  6985 10215  1054  5470  9630  4422
 9700  6828  7338 10669  4467  4047  8777  3917 11530  1167
   40  9067  3142  1172  1311 10631   504  8753  4971  6222
11586  7911   616  4248 11023    24   481  5360  7832  1986
11293  3582  6540 11040   120 10905  5653  9971  8218  1580
 3652  8493 10930  2219  1012  1978  1995 11954  8849 10186
 5968 11745 10464  4102 11852  5091  9529   197 10707  4331
 4726  2306 10719  5897    26 10253  5575 10091  5851 11450
11776  5219  7104 11324  5899  5569  5248  8237  6629  8662
 6069  8651  9569 11805  8655  3861  3704  7985  9761 11446
   29  9241  7808   336  4336  5243  2918  1817  5164  1134
  468  1022  7379  9054  5096   152  1967  8664  6831  6686
 6958  5860 10944 11065  4829  8389 11439  9020  1674  3101
11499  5877  1670   974  2978  6976   149  9932 11244 10714
 6818  3238  9332 10803  4309 11852 11128  7887  8898  6757
 9649  3771  6800 10694  3365  4384 10938  9110  6653 10120
 3586 10806  8302  4731  4510  5814  9935   791  8176  7268
 6670 11202 10357  8225  6250  9152  2170  4526  2276 11109
 2076 10084   271  4464 10107  9753  8409  2592  9920  8759
 2977  3306  1392  7547  5958  4692 10623  2100  3758   175
 8654  3672   815  5323   852  5776  4441  8959  9470  7958
11809  5572 10003  8604  1939  9354   250 11288  8787  3257
 4965   271  9420  7032  5983  6798  4406   275  2819  6154
 6881  3971  7003  3678  7911  1594  8347  8917  2122  5659
11008  1347 11840  7130  2822  9924  1223  6811  8976 10437
 7491   939  3332  9750  2353  1286   180  9945  3008  3558
 6310  3801  8243 10076  9993  7209   493  7985   907  7840
 7639 11607  2391   619  8651  5173  6022  5870  3280  7592
10146  6096  1480  9852  4789  4702  1388  1700   537  4484
  784  4200  8134  2577  6417 10629  5817  1895  3974  7695
10446  4616  8475  5334 10265  9999  6915 11168  8053  1962
 3427  9064  4531  7806  4561  7502  3762  1062 11159  7388
 8118 10316  7242  9763  7560  3746  4954 11738  3514 10255
 6949  5597   478 11934 10563   354  3448  7109 11739  9949
 9335  5510   497   427  3670  6141  7329  1664  3556  7358
 6268  5580  2236   278  8417  8155  6784  3363   622  9730
 6141  1102 11465  2896  8578   791  7691  5110  1219  5979
11264  9336   172  1337 11271  2399  3956  6437 10582  8756
11608   383  8446  4887  8611  8998  2549  2127  7816 11808
 4080  8828  5459  4735   471  1126  3997  2514  2046  6941
10127  2799  7933  9976  5614 10275   852  3232   894 11569
 3233  4377 10856  8185  8919  2222  6225  1535  7033  2881
 3222  1944  2742   909  3148  7440  4370  7828  7299  2139
 5146 10644  5932 10211  3048  7137  2673  5787  4123  5041
 5669  3210 10454  9592  7576 10279  5318  6517  9677  7926
 3953  6722  1148  3631  6329  2239  3854  9666  6034 10428
 9377  2470  3486  9546  7306  6695  5153 10166 10604  2012
 6662  4566  8277  4465   537  6000  4224 11579   857 11280
 2786  1080  6333  8583  6382  7482  2146  9581 10217  1209
 9767  1544  3806  4417  4259  6208  2624   835  7861  7008
 8780 11645  8611   871  9272 10241   615  3728  3251  2737
 2332  1902  7819 10496   461  3301  3558 11948  9457  4941
11997  9358  9347   386   251  1140  7041  5099  6528   327
 9624  4623  7910  6677  7732  7950   855   286 10956  5053
10272  9520   234  5116  4154  9873  1512   181  6908  4000
  859 11881  8928  9486  1863  6300   304 10105 11359   108
 8166  3338  4273  2498  3283 11883  3159  4071  5522  6236
10533  2874  1914 11875  4310  7161   693  9146  3103  6363
 8400 10637  2099  5295  9567  9291  7467  1669  6191  4708
 4401  7170  5471  4413  2484  1564  2685  8824  1734  9787
10748  7445  2228  3368 10110  4269  8434  1353  1443 11882
 6169  9863 10707  9636  9615  7245  9453 11286  7348  4844
 8546  2134 11841  7875 11782  5430  1296  8814  4080  6966
 6086  6771  5213 11371  4631  5950  4790   922  6826 11309
  407  7457  5857  8942 10128  1186  7546  7654  5031  5711
  850  4762  5798  2562  5837  7387 11099  8810  7390  7077
10569 10275  5686  6408  5121  1720  8005  4926  2929  4433
 9883  4271 11694  5001  8075  2088 10626  5691  8256   442
  695  3786 11796   656  1138  8375  8885  8129  8274  8478
  190 11384 10784  3694  8022  9291 10186  8737  4762  8429
10734  6352 11076  3703  6743 10257  5556   410  6985  9762
11301  8545  4471  5538  5105 10798  4992  9411  5371  1990
 9517 10089  3346  9652  5357 11725  2842  5923  5401  6910
 9899  2184   222  6825  6461  5127  3414  1932  5682  9365
 1146  4575  1656 11686  8840  9493 10609  1032  7033  6605
 2860 10009  6591  9275  7184  1799  2565  8553  1604  4578
 4810  1353  4720 10313  6839 11911  1403  5753  3817  1226
  632 11654  6115  3495  2132  4709  3595 10323  2174  2717
  708  4080  7344  1571  1493  5412  7129  2399  8647  1375
 2553    28  6235 10757  3261 10785   497  6000  5179  3208
 9257  9055 10035  1713  2892  1212  8331  5724  4267 11963
 6605 11822  6951 10409  3573  6972  5708 11385  6961  8515
 5053 10052  5785  9141  8940  9739 10237  7580  4550  8605
 4694  8263   528   317 11152  6616  1552  5984  2245 11186
 8356  3983 11710  8307 11174  4197  8336  2575  4751   952
 1487   297 11789  8645 10276   941  6587  7284 10416   643
 2999  5389  9902  1114  9140  2851  4740  9046  7130  4611
 9964  9247  8524  6673  4546  7657  6445     2  7042 10031
  728  4993  2449 11522  8215  9291  2503  3097  1729   100
 3795  4107  6337  3427  6473   920  9530  9879  3073   593
 2379    86 11365  8382  3040 10644  4326  3836  4781  7034
 6922  5722 10809  3407  6076  4872 11717 10823  7052  9021
 7740  1813  1429  6879  3595  9214 10194 11577  9994  2730
 6073  8669  9683  8092  6585  5212  7368  4633  1948  5313
 5294  4211  2641  2968  9031 11099  4820  6628  8594  8825
 2724   433 10749  4295  7382 11646  4169  1747  9234  3702
 3163  1594 11926  5630  2613  6634  5412  8791 11556  3875
 1890  5297  7768 10228 10106 11207 11321   910 10356  5872
 1973  3422 10257  5746  3529 11323 10748 10706  8128 10131
11382 11443 10721  5372 10746  2320 10975 10909  6790  7181
 1467  3364  3753  6027 10414  2678  6276  9564  7655 10643
  268  4042  9282 11196 11448  3631  5550  9401  8834   897
 4138  3670  2227  5841 11003 11755  9280  2831  3868  1430
  674  4426 10019 10342  8921  1907  5719   971  1375  9291
  678 10404  5064  3661  1749  9369  5759 10978  9012  7536
 5957  1257  3190  6915  5735  7848 11891  2640  3319  7608
 7497   333 11142  4285 10080  7712  3914  6803  4044  8380
 1602  1669  6723  8621    60  4335  5118  9954  8332  1053
  903 10795   669  3691  8523    24  4416  7120  9603   201
 8332   119  5805  4092  3687  4262  6741  2344  1658  8961
 3260   304  5821  6758  4978 11342 11315 10220  3218  7157
 8707  1371  1690  2460   413 11392  7027  6340  2366 11438
 1419  5055  6361  7339  7359  5763  4591  1867  4967  4516
 6471  3757  9688  8729  7953  9727 10645  9291  9072  4513
  639  4543   644  8559  2102  5912 10903  4008 11386  7227
 5790   105  5459  7281 10219  2653  6459  8471  1228  9730
 4250  4231  4757 10136  7683  6280  1721  6992 10016  3430
10822  7899  9798  5676  9406  3633 10965  4430  5186  6739
 7412  8179 10000  6041  3336  7939  3376  5956  9477 11670
 5080  4144  4404 10494   881  3475  7976  2018  8371  1722
 3047  3162  5777 10561  7247  9847  9579  1721  6619   485
 6813  9026 10203 11035  9995  3900  8873  9121  6766 11079
 2448 11809  1336  4816  1803 11176  8234  2081  9102  2926
11595  6639 11470   117  2424   501 10465  9443  7475 11443
 9289 10719  7433  9846   771    60  1874  6054  6557  6292
 9972   285 10307  6586 11682  5686  4605  7694 11633   825
 4232   896 11164  4956  1215  5152 10755  6612  6026  4963
 2154  1009   213  2732 11937  7518  5327  5662  6013 11888
 2808  8158  2670 10907  4784  9190  3718  6848  7967  4889
  268  9211  6337  4894  3089  1905  6898 10300  5836     5
 6213  3675  2270  4771  9407  4060  8510  7564  3520  2352
 8870  7250  5032 11990 10438  8019 11423  4031  3559  2632
 8963  8191  3794   963 11026  2112  4877   755  8708  1014
 2589 10209  7400  4237  6590  8738 11040 10404  4164  8457
 6474  5123  7018  6941  4129   867  4853  4307  2827  5944
 4404 11575  6868  8872  8397  5157  2259 10779 11261  4350
 4271  3060  7178  7531  5369 10025  6550  6544  1378  6812
 1066  9182  9435  9941    88   263  2443  9379  1788  3552
 1681 11444  6849 11593  2976 11185  5010  8668  7561   291
 8350 10046 10597 10991  6886  7317 11462  8565  7831  9690
 8226 10064  8558 11733  6513  8724 11685  8588  5220  2179
11812  4936  2843 11721  5694  1736  8522  2306  1536  3183
 7074 11430   804  5234  3886 11479  8247   433  8962  5787
 5885  4571  5830   770   578  8853   887  5597  3303  2912
 6395  4527  5771 11114  5446  8424  7682  2253  2221 11716
 2752  2992 10225  6538  9999  6778  4039 10575  6174  4881
 2940  6140  9933  2536 11676  4032 11736  2845  1282 11735
  505  7342  6161  6443  5490  3861  5295 11225 11267  6379
11878  4029   118  3239 10338  5457 10659  7295  1521  2941
 1853  9883 10732  4508  2428  8199  4845 10663   122  6640
 8146 10589  6947  6593  3652  2692  5795  2696  6077  2032
 4691  1335  6444  1952  7128  2930  7116  5354  6636   822
 8314  7427 10231  4389  8300 10535  8615  8699  1973  8144
10608 11999  4588  9826  6737  8218  9539  6238  6156  7006
 8988  3841  6170  2167  5729  6089  5116 10546  1506  6347
 4627 11595  4258  8347  7876  5547  5563  2695  9450  2534
 6153  8028  4240  5990  2599  9291  4983 10308  3824  2668
 5021  9557  2571  7221  9969   107  6777  8795 11581  3355
 9585  5015 10924  7015 10688  6388   484 10141  1446  6507
 9524  2060  4412  8756  7274  3631  3442 11929 10017  7544
 6502  9777  6336  9617  4271  8893  7481  3589  4418 10865
 9658  7609  7280  8520  8582  1323  7241  5647  5664  9709
 5726  2401  7528  9777 11144  3619 10068  8152 10506  6867
  339  2274  6577  4683  5453  5658  6516  9907 10337  6809
 7423 11901  1142 10979  3146  3924  1648  5540  9911 10782
 7921  8900  6258  4289  4264   578  8972  4507 11029 10787
 3100  5512 11885  3097  8309    43 11176  9939  2409  1391
 5386  8346 10312  5948 10907  7394  3939  1550  9796 11047
 9471  1329  7391  5476  4591  4835  8885 11065  2555  8935
 2187 11183  8078  1369 10120  5289 11971  1188   949  3485
 6724 10554  5595   565  7833  6546  1069 11376  2928  4132
 3927  7497  5158  9986  6827  9450  9131  9317  3379  2313
 9083  4271   194 10292 10149  2766 11565  3453 11673  6772
10469  9871  4761  3192  7576  4495  7259  2319 11056  2783
 2261 10148  4312  5519  9929  3720  5913  3374  6028  1693
 5200  1230  8163   542 10260  6813  5458  2715   283  6783
 6427 10774  6448  7577  7972  8934   839 11328  6769  2008
10107  3471  3065  8340 10707  5953  2748 11700  6970 11075
 6760  3361  7808 11149  8904  2380   114  2976 10377 11849
11030  4213  7684  3535  5070  7183  1840  1693  8853  3833
10978  4961  4445  2238  6339  4103  9618  7758  1297  2573
10609  9072  1427   661  3951  6134  7800  1156  1641  7674
 2353 10695  1111  2058  1432 11798  4967 10024 11808  8234
  218  3572  7847   590 10406  4365 11097  5890  1129  6806
 9043  5234  5130  3025  4470   172  3498  1107  6089  1296
 9419 10584  3261  7056 11324 10137  2693  7165  9427  9696
 9532  1855  7185   551  4439  4931  6701  9573   349  4346
10908   640  3000   331 11367  5685  4922  5803  3671  6697
11437 10377  7918  4153 10523  1933  1279  1434   908 10552
 8461  1102  1196   430  7959  7580  9607  3144  6366  9157
 5966  1514  9643  6974  8415  6976  8421  7148  5248  2266
 3325  2208  3239    63  6072  5942  9259  3308  6877  9891
 1465  7121  5154  8847 11557  8942  7793  8259   446 10232
11580 10856 11590  9377  4089   391 11177  8205  3605  6026
11535  3766  5198  2134   974    80   233 10089  5869  8206
  603  6688 10399  3356  7734   674 10830 11938  5184   325
 9120  7983 10241  7276  8986  5128  4319 11766  2795  2625
 1338  8352 11687  4092 10101  4539  1076  4457  9667  3292
 6042  3062  9871 11453  4867 10727  9322  8660  3163  5678
 1263 10377  1799 10999 10098  5270  8251   915  4480  8589
 9357 10050 10523 11529 11220  4700  9693 11709 11945  6454
 5100  8356  7905  3078  3824  3320  6934  4647   384  8386
 3364 11691  8098 11409  2449    62  5369 10991  1750  2209
 4758  3013  9016 11709  8756  6511  2636  4886  7313   326
 9287   998  1558 11153  5155  2875  8037  3815   879   510
 8676  4052 11108  7665  9839  2977  3319  6104   481 11447
 1227   674  7256 10995  3122 10484  5958  9549  3911  4981
 6199  7885  7713  6859  5529  8290 11649  4136 11430  1118
 5693  8953  9548   443  2780  9676  3666   205  6055  1626
10191  9714 11721  6763  4783  6301  9858  6831  3069 10499
 2806  9843 11617  2712  7710 11609  5143  5074  3069  3314
 5592  4063  2851  2870  6185 11929  8482  2456  1580  2509
 5768  5380 11915  8045 11424  8316  3506 10578  6492  6218
 5360  4008 11437  7251  7241 11812  8891  5895  6311  8935
 5538  4115  2647  2031  7275 11006  4080  1783  7446  4545
 3686  9766 11138  4772  1362  9717   810  3264  5277  2821
 6500  8432 11020  3788   703  3399  2807 11835  2514  1541
11979  2528  2721  4881  6751  5835  1375 11684  1918  5624
10868  9617 10477  9968  2670  1400  7065  7673  4910  2177
 2674  6876  4101  3824  5561 10888 10562  4195  6948  4702
 3502  1746  4117 11806  5619  4903  2677 11792  1784  6575
 3541  2053   862 11928  2642  6740  6276  1859 10962  2286
 6885  5828  4525 10258  6260  6164  2688 11108   865  7449
 5984  1810  1281  2753  7043  9593  1789  3547  1499  9664
  778 11066  3380  7693 10178  9687  2937  9400  6687  9883
 1510  2263   201  3487  3841  4760 11171  1620  7916  8695
10027  4344  6522  8924  6569  8705  3645  7151  8316  9687
 3670   671 10188  4815  1700   390  6226  8550  7214  3995
 9944  5874  9910  2805 11767 11401   850  9201  2328  2336
 3722  6480  1014  9452  9824 11812   582  5350   866   492
 6188  4719  2148  1277  2538  1370    26  9551  6510  8463
 8730   653  8556  8073  1255 11698  1999  9967  9021 11155
 2425   814  5592  2390  5823 11279  4903  4158  8595  4982
 3908  6973 10923  9932  1728 11757  1495 11852  5554  3354
11087  6619  8632  3409  6360 11858  6405   342  2346  4343
 8383  4084  4516  5750   770 11106  7612  6412  3163   212
 1516  6303  5974  8922  8527  3722  5360 11614 10075  6205
 9377  4001 10870  6792  8926 11126  8787  4723  1957  4116
 2233  8151  6630  5209   102  4287  1757  8476  4270  7399
 3782  6232  5068 10058  9241  3507  2970  2069  4623   447
 5402  9416  6824  7165 11794  1055  9145 11925 10418  3795
 6045  2227  2306  1127 10894  9854  5684 11201  6654  4997
10272  3200  1389  9827  6039  3179   886  3188  7045  3530
 9386  5000  7379  7775  6502   604  3907  9236  1901 11962
 1855 10413  1775  4642  3473   437  8709  5194  8327  4719
 8494  1235  4060  3649  6974  5842 11542  2447  1210 10048
11063  6576  4902  8686 10844 11948  9618  2582  8044 10195
 3782  4468  2585  3135   464  7426  2257 11600  3782  8273
  626 10048  4599  4730  3774 11388  7836   557  6940  2484
 1536  6765  3597    70  5682  5752   194  4534  4022  5814
10451 10156 10862  2958    12 10941 10234  3183  7026  4573
 7199  6149  4740  4816 10604  7441 11720   139  1284  7983
 4696  2815  1584  1796  9317 10135  4082   364  3530  9458
 1358  4827  6944  3055  5817 10882  1757  2030  8693  6085
10178  4022  2272   125  5585  9047  9266  3776 10607  2024
 7108 11656 11617  6868  5810  4165 10454  8018   145  5029
 5323  5359  5866   208  3412   433  6934  5813  8160  1320
 9305  1212  8508 11730  7914  7469  1825  1066  8403  3144
 5039  5041  4043  1933 10238 11727   836  1880  6529  1127
 2088  7865  5431 11892  6244  7309  6709  9676   926 11678
11453 11538  1583  7176  7503  1833  9372   399   957 11312
10375  9643  1353  2636 10851  4116  9632  6103  4653  2650
 8944  3753  4107  7000 10313 10576 10361  1356   882  3601
11813 11575  1280  1722   496  5421  8015  9812  8322  5254
 7767  2253  9305 11669  1541  4853  3376  1608  9924  3209
11104  4455  7952  2032  2003  5024    46 11292  9544  2765
11368  2893  4793  8014  1591 11627  1384  2099  6699  4512
 1939 10521  5009   250  8888 10420 11213  3750  3572  1948
 2155 11127  3319  6216  6213  1423  8528  7292  1154  7171
 3752  7328  7249  3132  3485  2693  9814  1688  2236 10926
 4864 11136  2352  5475   850  8346 11895  9013  1812 10032
 6214  4473   499 10505  9036  4093  9275  7461  6500  7563
 1987  8947  6862   119  1887  1187  5571 11675  1227  2264
 8820  8061  9371  1628  9736  9114  3233 11288  1331  3796
 6894  2892  5856  3911  2063  4528  3397  2641   636  4000
 3616  4999  1139  8329  2066  3608  9905  5855  2322  8872
10392  7047  1918  1645  1484 10479   725  2573  5876 10242
 1368  4445 10609  6063  8465  7980 11556  6911  9361  1702
 9074 11745  7254  3291  2622  8192  2446  4654 11906  8810
 5042  7723 11663  2985  7395  2549  2647  6939  8636  2932
11445  7066  9864  7925  4356  3775  5340  7729   698  9925
 6436  1738  3580   975  2890  9955  8878  8144  8525   200
 9580   657  3127  7311 10786 11647   321   177 11346  1183
 3466 10653  5732 10209   905  1303  1257  3219  6474  1889
 9122  6409  4275  8897  7336 11549  1689  8052  7192  8961
 4543  4059  6152  5930   393  1645 10701  8180  4102  4568
10726  3047  5374  2749  2927   243   253  9296 11986   314
 9527 11139  1125  7109  6389  8916  3362  2988  2472  5908
  770  7942  4296  9498 11088  5940  6128 11123  9712  2863
 8280 10389  2689 11845  3978  4696  1985  9222   371  8381
 5467   606  9979  4702   772   669  2573 11533 10865  9794
 5369  1651  6781  2953  1310  5652  4520 11722  5704   683
 8533 11497  7918  2150  3572  5206  6869  2122  9123  4992
  774   550  1943  3831  9062  8867  3942  7290 10881  1111
  706  1717   827  6450  7834  4222  6293  6069  2704  3406
 8109 10941  6478  4862  4780  4817  9024  5698 11684  6411
 9193  8772  1787   538  5736   540  4054 10569  7635  3477
 8333   124 10299   998  3915  4100  8133  5172  5655  2764
10761  3477  7283  9003 10276  6231   640    14    64  9867
 8093  7094 10945 10311  3325  1063  9474  7442  2293 11507
 1182  2376  7861  5975  1558  8008 10173    16  8941 11161
 8888  8458  8707 11757   283   114  7431    38  6212  7711
 9696  2097  6032  1310 10752  3397  4617  6854  4315  7459
 9792  1949 10297  9994 11944  9095  9146 10820  1230  8723
 1888  8191  5938 10497  5730    40  4126 10411  7180  4457
10242  1709  1284  9409  5066  5172  4128 10262  6669  3667
 6919   588  8448  6348  6181  3591  2222  4162  4031  2800
 8968  5209  1659  3375   887  8064  2925  9218 10992   349
 7014  2659  5415   843  4847  5888  5749  2117  2730   799
10560  6324  4613  1344  9468 11921  5193  9417  3425 11868
 4142  5318  6846  6006  1058  8299  2614 11135  7886  6165
 1071  2610  7558  7428  5121  4810  2872  7037 10821  3244
  728  9108  3487  2721  8961  4324  5490  1481  8726   692
 8267  4061  2766  3561  9970  5324  9787  7586 10478 11908
 1757  6298  6666  6860  9081 11624  9955  7256  8499  4415
 8374 10784  8147 10441   770  1675  4645  5293  8555   772
 2305  7066  4567  4291 11705  5129  8099  2007  6335  7985
 8268  8778  9155 10840  3706 11760  2042  2652   252  5267
 6934 10432 10945  8572  1620 10685  9276  4297  2347  6443
 2098  8302 10209 11288  7929  5910  9456  4089 10891  6931
10969  5607  5729  8946   979  5307  5462  4451  3279  3680
 1792   608  4585 10290 10622   114   575 10720  3748  2820
 4891  5239 10181   181  8863 11277  3463  5235  5726   297
10235  8152  7172 10261  1360 11586  4486 10511   949   662
 3177  6193  7390  5843  4067  9082  2529   531  7315  4013
 1892 11247 11725  8918  7608 10638  4081  1302  4693  5413
 6237 10588  6796  1776 10718   810  4416  6018   127 11919
11425 10866  7190  7540  7040  7650  1231  9732   617  1274
 1093  4701  2750  7388  9998 10235  3255  7005  5405  7941
 8389  9800  6693 10861  9571  9435 11140  4109  5546  3546
11432  4976  3978   194  8635  4797  5242  1711  1609 11998
 9370   915  2595  7992  8211  6228  5115  5724  8912    58
 8475  5839  3350  6907  5351  7742  9690  9221  2633  7316
11553  2673  7276  5385  1006 10160 10206   197  2169 11441
 1234  2642  4211 10588  4713 11361 10186  9836   232  4705
 5625  7437  2178  4487  7117   592 10666  7672  4852  1569
  143  9671  8069  9525 11068  7221   395  6128  2623 10166
 2474  2032  1573   928  4618   712 10392  9952  6537  2428
10072  9393 11099  2872    53  5948  2184  5416  6511  9667
  271  2486  9120  3765  9984  4425   427  4412  4792  7113
10087  8594  1690  1721  4496 11584  8983  9585  9480  1488
11267 11534  7635  4147  8287  7122 10550  6836  7841  4047
  561  2989   862 11454 10879  7677 10429  1883  3940  7965
11637  8527  6514  1604  3075  9686  2275   273  8957  8703
 8867 10207  8120 10256  9057 10477  1207  4997   665  8852
 3268  6504  4431  7849 11925   181  1428  8532    52  3207
 4882 11562   564 10831 10860 11448 10963  2084  2683  7510
10316  9721  2602  2147 11742  4630  6802  8149 10408  8535
10744 11152  8239 10905  6901 11103  4328  7560 10268 11603
 4119  7269  3272  8927 11164  8926  3888  6695  6449  7557
 3033 10942  3896  4420   942     0  1491  1579   275 11360
 2978  4503  6757  1889  4732  3938  4778  2864  8058    33
 8471  5656  3332  6555  9153  5794  6521  7658 11932  1552
 7654  8115  2632  3967  1645  7725  4460 11817  6275  7683
 1842  5029  9584  9897  5474 10040  6223  8146  4437  8467
 2193 10470  5562  1424  3426  8746  4233  8508   930  2637
 9206  3895  8542  3221  9576  8064  5263 11592 10039   448
 9530  9585 10425  1006  4729  9403  2284  9695  3923 10253
11799 10894  9653  1788  8304  3098 11070  1378  2325  4441
 5838  8417  4622  4566  4863  7518  7733  7423  1582  7861
 4653  1732  3070  8221  1448  8992   875  4954   396  9721
 9643  8512  6317  7824 10243  1184 10264  4935   277  3769
 2738 10080  2727  7761  4893  1467 10471 10268   126  2038
  294  4650  6708  2991   954 11151  5830  8017  3035  4492
 9282 10802 10003  7087  5801  1272  8126  9944  8816  3592
 2151  1409 10578  2598  2509 11298  3935  9001  7611  6276
11421  6659  3279  2675 11423   188  7912  7520  5197  7993
10248  8892  6391  1633  8784 11077  2508  9474  6889  9660
11281   213  6220  3788    70  3285 11326  6374  7445  4646
11222  1551  3353  5032  7970   773  2440  2004 10538 11286
 8180  8937 10819 10415  1469  4595  4383  2899  4962  3716
 3252  3028  5563  6102  9174  8333    74  8276  3404  7792
 9384  3420 11616 11717 11262  1663  4969  1087   323  7385
 5835 10060  2277  7500  5320  7462   853  9845  7793   898
 8421  6801 10209  9639 11643  9255  2709 10012 11763  6483
 7441  1368  8499 11129  5776  1779   835  1448  7206  1264
 7599  7047 10219  9208 11107  7377   772  7773  3803  7444
 4637 10293  4314  4709   202  5123 10713 11533   848  4513
 3605  1823  9893  4393 11868 10025   496  7078   577  9159
 8296  5768  2523  3148  5144  7232  9573    57 10401  1992
11964  4684    54 10439  4303   692  9659   494 10154  4185
 6081  6266  3646 11889   520  3470  6139  1237  5629  2201
 9330  2596   782  7078  8622  3613  3796  1432  3888  6524
 3570   264  4101 11746  9107   507  1922  9474  8076  4153
 4104  3618  8307  4404  9379  7280  2876  2262  5311  6303
11153  7520  2112  6097 10124 11738  5792  2030  9849   447
 3652  7108 10398  5050 11980 11680  5285  4870   716 11771
 1207  4517  5121  1181   795  8719 11694 11429  5290  1290
 7694   767  8867  9091  2396  1340  2188  4346  5662  5573
 8637 11979 10487  6597 10992 11560 10565   970  7858  9374
 7098  4255  7489  5366  4147  6644  8329 10208  9531  6868
 5379  3712  2467  8565  3196  7464  4624  9264  1566  1665
 9201  6624  7595  3158  8892  8347  4651   833  3826  6139
 9034  5527   772 11378  9031  7967  3074  3675  4117  5219
 3958  9597  3543 11844  4013  5990  3408   590  2454 11110
 5479  8154  5588  2128  9138  4467 11270  5781  1671  9547
10513  9364  7600   244  6973  4100 11924  7156  1158 11981
  914 10787  3282  6190  2123  9553  5593  2409  3603  1325
 3693  5117 10167  5951  9161  4086  8740  4517 11542  9413
 5021  8107  4796  9893 11530  6570 11679  4712  2044 10826
11462 11419  6908  2608  6755  6339  7043  1909  5850  9474
 9903  5485  7098 11229   700 11857  5460   411  2687  6028
 5904 10293  2037  8145  8125  2506  8484  9059  5476 11446
10885  2226  1137  4027  7172 10958  7550  8073   708  9915
 8176   770  9539  5396  1831  3352  1553  1515   222  7467
 5071  6105  7045  8922  8345  2480  4153  5141  9419  9310
  593  6505  8196 11136 11477  6458  7993  6786   642 10658
 1410  6573  1451  4184  9503  3449   312  2607  9604  9105
10063 10631   787  1090  6851  6236   575  2376  4501  6496
 3481  4141  3702  5323  8530  5293  2576  1687 11068  4337
  876  3346  5894  1034  3241 11927 10169  3162   474  7833
10471 10780  8734   857  5508  6914  8965 10264  7419  6558
 7884  2582  1315  7409  5864 11359 11258 10559  7534  1326
 8688   541  6851  5152  6216  1377  2431  1954  4328  3478
 6457 11048  8830  2200 10740    55  1407  6877  3014 10201
  511  5456  5225  9689  9759  7549  6636  1864  4976  8761
11091 10873  5115  3638 10453  5286   858  6778  7984  1433
 8835  4551  6480  1390  9418 10038  2206    99  7805  2613
 5156  4369 11129  5685  5391   580  9606  5391  7262  1588
 4993  1804  7930  9418  1517  7475   107  1761  6967  2129
 2956   263  3231   179  3868  6327  1933 10873  7547 11376
  136 11148  9779  5046  6494  1217  2902  7486  9292  8933
11953  9802  3528   872  1287  6021  9845  9981 10417   473
  684  1166 11199   654  8944  3558  4864 10620 11518  4203
 3619  3986  2141  2045  3453  1141  5582  1655  2245  8221
 9653  7134  4480  9086  6182  3549 11400   480  1404  9170
11816  4617 10833  8412  4915 11689  7191  5616  1064  1970
 4685  8882  8237 11038  2462 10326  2653  3476  5602  2504
 3996  5514  7694  7643  2621  4106 11434  2214  4264  3004
10766  6210  4578  9890  6787 10866   362  2430  6209  1929
 4472 11478  8356  7966   600  5518  1555  2804  9042 10884
 1210  4571   182  8548  9728  1375  4917   914  5605 11519
 5936  3830  7832  5104  6944  4594  4413  8686  1737  8520
10896  7829 10392  3965    52  1983   906  5739  9049   411
   23  6169  3324  6625  8304  5633  2538  1932  4895  9284
 6115  3494  3550  6387  2695  8600   831  6923  2790  4355
10413  6074 10981  1865  2957 11894  1986 10495 10940 11221
 9106  7920 10592  4236  6522  4719 11288  2500  5538   729
 1852  2119  8554 10162  9035    25 10718  6527  1210  5907
 3448  3737  2857  4691  3626  4082  7785 10388  7212   727
 9148  9344  5937   930  9983 10796   127  1875  8302  3738
 7310  8282  7883  6299  2732  6366  9374  6798  4583  4963
 1807  7568  5197  2988   272  2847  8259   102  1983  9885
10367  8825  3423  3887 11359 11660 10449  8495  8196  7307
10142  7907 10674   772  9506  9700  8792   382  5760  9896
 2041  8860  5462  9312  2215  8004  5673  1786  2004  7104
 3962  3523  2991   322  6186  5601  1007  6209  8370  8169
 9430  3480 11197  6968  9378  7590   866  4574  3677  3953
 9988  7491 10610 10648 11261  1500  6441   293  1563  9023
 6545  6653  3279 10547  7645  2349 10641  9523  5800  9653
 8601  9581  5321  8548  8520  3846 11595  8340  5024  9099
 9654  3383 10116  6370  2571  2419  4828  8485  3726 11624
11928   280  6747  9322  9895  3981  6384 10719   125  4430
 5680  1520  7134  9990  1141 10337 10053  5232   353  6516
 1976  7822  9058  7202  5019  7945 11617  2847  3100  8045
   40  2592  9162 11057  4398 11400  3910 11530  6660 10314
 7637  4964  8146  6158  1321  6279  8282  9817  2427 11843
 6190  4489 11593  5031  3718 11061  2568  6265  2142  1933
 4250  7074  6413  4555  6805  7325  9474 10074 11066   988
 1601   603  4073  9163 10502  8139 11704   470  5747  6405
 2132   556  9315  8562  8759  1648  3875  2941  8344 10834
 2300  6327  4871  7673  7018  9496  2215  7536  9081 10796
  774   860  1445  4877  3731 10595  9388 11022  7532  3261
 2952 11220  4424  4930  3789  2382 11764   674  5765  4439
 9552  6391  1907  3302  4109 10179  7264  2962  8516  9637
 6318  4904  6981  3845  5413  3621  6383  8767  4989  1376
11360  9055  1315 11717  9389  3569  6346  3984 11300  5199
 8133 10282   165  5742  9231  1660  3265  6799  3961  9615
 2424  6969  2920 10393  3122   221 11445  5749 11302  2301
 6336  1684  3538  6626  4753  5885 10466  5083  4303  4071
 6763 10216  2184   138  2222  9221  7865  4397  3890  6838
 8758  4465  7826   459  5368  9182  1476   544  7755  5553
 8894   638   339  1757   262  5753  3818  6532  3950  3294
 9568  3403 10338  6467  9724 10195  8493 10788  9185 11163
 1223  2202  2482  7911  3267  3090  6159  8137 11767 10028
10803  6633 11376  6344  9550 10370  7089 10715  2364  4763
 2577 10167  4871 10278  5038  6527 10404  1349  1063 11285
 5413  9356  7903  6563  4969 10691   880  7507  7015  5146
 8522  2994  9925  3946  9631 11868  6522 10289  6387  3525
  678  2512  1743   542  3077  5293 11756 10546  1468  2819
 1076  7018   135  6699  7713  6724 11565  9916  1939  8559
 3103  4577  6335  1074  9347 10768   877  4710  2132  4326
 5381 11614  2752  6357 10362 10167  9643  8376  4909  4676
 3576  4017  3522  6214 10399  4586 11361  8232  5429 10328
 9823  1846  4898  3713  4001  8739  8056  6432  8344  5923
 8476  2976 10246  5118 11344 11219   222  1784  7357  3599
 3648   619 11206  7366  7283  9294  4140  1066  4899  1910
 1297  3798  8043 10483  5043  9135  9980  5394  2648  2376
 7463  8736 10382  6685 11327  7397  4425  7489  4976  3439
 2618  3346  7338  9599  5456   173  7466   668  2017 11431
 9854   911  9896 10715  5252  5723  7582  4315   247  3157
 8359  1481    98   517 11910  6733  6066  3157  1648  8612
10033  3974  8207  9427  1629  2709  6460  6608  8252  1777
 1976  5516  2933  7887 10649 11484  1773    52  3778 11645
 5514 10771  6357  2171  9797  9849  7460  7208  6900  5949
 8243 11029  8065  1968   574  7925  1734  1513  8900  6562
 6383  7729  3925  5477  1115  2440  1228  5779 10724 11621
 4785   516  8288   100  3752  1131  2722  8639  9733 11894
10001  9353  5465  1995  2324  4112   805   522  2125  3080
 6227 10825  4069   605 11783  8049 10686  1571 10022 10425
 7247  9773  9392  1622  9627   940 11352 11650  6567   167
 4535  9897 11287  5241  7860 11632  3437  7284  1644  8846
   95   746  6574  6428  2287  6963  8905  6521   481  4537
 1373  1739 10234  9663  8024  7120  6370  2486  2639  2879
11877  9041   488  5615  3592 10569  5073   154 10716  5839
 8022  6808  1786  9723  3844  1627  2663   717  3906   170
 3341  5563  8348   679  1881  2436   425  4022 11287  2984
 1155  1472  3225 10749  2618  4716 11451  2081  8687 11356
 4559  3692   938  4700  5646 11596  5737  2816 11143  6756
 4950  4285  7783  3884  7030  3558  1016  1960 10436 11098
 3816  6573  8022  8387  6578  6137  9123  8938  7794 10794
  599  4752  5791  5494  6631  7404  1628  9015  3742 10948
 4524  3744  4194  4653 10655 10145   527  3426  5017  2873
10101  7389  4353  5135 10792  5197  8666  9526  3656  8147
 1990  1891 11423 11151   570  1742  3483  9822  6618  7828
  602  3868  9686  4121  6471  4009  7764  1329  7784  1456
 8399  9761 11079  6901  5193  9037   922  3119  6710  7994
 8053  4875  8327   103  4849 10406  9675  3708  6990  4196
10440 11999  6274  3314   755  7546   434  3100  5952 10582
 9135   517  2766  3665  9965  2526  8941  9247 11741  5862
  153  7431   954  7655  9940  5338  4010   252  6994  9632
 5295  3004  9566  1811 11281  6176  3829 11077  2489 11421
11896  6825  1874  6967  1380  2415  6454  3492  8130  7866
 1346  2175  1555 11961   456  1850  3400  5037  2011  7546
 7388  5547  6273  2676 10478  4984  9949  8623 10447 